100
58.5674645898 59.8662663631
97.7973365928 74.5752351454
86.7034333858 10.7333203153
67.2397569669 97.7772723787
0.382089489783 33.3019659129
30.0154255127 59.1713757816
11.0460154945 36.1106401956
99.4040702355 73.4955262192
36.2715472353 52.6549666522
39.0603613564 82.0106993458
16.4769878074 17.7558430293
91.7041653158 19.1571870777
73.6483486914 75.259939793
17.6270412585 82.3899281509
14.0104027285 97.2896545238
42.1106531709 94.3834843959
10.7259001892 1.06660384695
57.8191343461 46.1809802546
92.0641348669 88.514931395
46.5881856723 26.7678028017
44.6227620177 33.1426451224
81.5159087263 49.4735519925
47.6470262667 67.4067142054
54.5300823041 41.9644704277
86.610943214 34.4985457149
59.5346955405 60.4076292026
39.9864926434 95.8292112959
25.7677239088 79.7517703631
12.6015229872 70.1078490006
13.9679731885 19.8574215665
13.9090346661 10.6971211977
61.8021523004 46.9431987487
75.4378369197 48.6075415452
88.1958689073 50.7957213844
80.2477900037 64.9798987304
93.690344132 22.3147560044
41.1741154399 45.8427817679
68.4805251391 33.8713854533
82.6752652726 37.5121327405
65.7049099295 29.2578471459
43.6429983652 50.3685306399
68.0194546859 83.7350025744
48.1966796579 92.2212851375
17.1757497351 21.1013855837
68.0559375447 57.2982890869
48.6779487304 83.4506572118
33.3832768427 9.00706795753
38.5786475653 28.1037057908
82.7941611663 77.604074759
92.2549801053 1.62984696007
49.798101264 82.3148275204
71.1113673374 43.8333976961
9.87366628107 6.16197864593
29.9537700347 29.0803505357
74.0237373327 85.1809698464
51.3208806805 30.5582854194
64.9932507507 27.5998120078
4.59107214962 73.7693829047
40.2379485966 65.1792703245
15.8262891013 94.0200727518
91.5599153833 55.9869100452
9.56159562668 12.400627576
88.6656544764 65.2260724868
20.5671739679 60.2148199412
43.4675303861 12.4397460127
73.9981558135 77.037377867
77.4102050201 42.3596428112
14.9275816598 86.2865976021
20.2088142146 99.5164281991
45.6034969031 20.4460529269
12.7759430134 14.8900069477
75.9138842479 51.809394831
21.1507210075 70.8340160323
50.2779785244 83.6287798153
60.0079024964 58.6920479735
46.825273563 69.6080205612
99.0457361383 70.9693303822
95.8835013695 16.753138351
52.5785417633 14.5892700641
94.3241182444 60.5802001156
13.5636035439 10.4775188407
64.2628812607 23.7986161821
51.7445125119 3.18891542626
5.46571039203 10.6285178641
41.7297179396 72.127236263
84.9684559687 29.6509346292
85.0515833688 45.3286631943
38.8326884429 72.7640508112
16.9350952886 57.6821499457
72.0694628133 35.4258379371
44.4369774354 51.5343530117
84.0400375999 10.4897707688
55.1453045493 35.6237312025
30.2943839218 52.8149285916
32.7611515878 19.9525511843
4.41279617479 54.2411125477
52.8450550869 49.7214811718
11.0387891192 71.0949913349
13.0161359015 94.9930685903
44.4703 89.3650